//BANKS--COIN:TOKEN V//
//BANKS--COIN: TOKEN V...;
//SHA512(00_⁠)⁠☞…NULL…ᘛ⁠ᐷ)
//aebfa2d0bd6bd07c70c41352b77abaed4e94f155939d9cda2a47cf77f155d6ae7c21a0f466c27264e5e40751f62e6f91c1cbbe440d8fe97e546d5a254e6cf84c//
//68747470733A2F2F736F6C7363616E2E696F2F746F6B656E2F344E43566B327158416A6A6D6D51746B4E6E484A6B316A5731684E54474B3864726B4878666D754E72505579//

#include <string>

#include <iostream>

int main() {

std::cout << "$NULL==APRIL FOOLS [@NY Times 05/Oct/2011 Steve Jobs, Apples Visionary, Dies at 56] ÿÿÿÿ or * CA q ¦P#i ó¤ øÔ[  1⁄4¼Ä¨äÓëK ôÔ`O Î` ¯ G þ Q JÏ!±yÄPPp¬{ ©¬´";

00;

00000001; 00; 00; 00; 00; 00; 00; 00; 00;

00000010; 00; 00; 00; 00; 00; 00; 00; 00;

00000020; 00; 00; 00; 00; 00; 00; 00; 00;

00000030; 00; 00; 00; 00; 00; 00; 00; 00;

00000040; 00; 00; 00; 00; 00; 00; 55; 76;

00000050; 00; 00; 00; 00; 00; 00; 00; 00; 00000060; 00; 00; 00; 00; 00; 00; 00; 00;

00000070; 00; 00; 00; 00; 00; 00; 66; 66;

00000100; 00; 00; 00; 00; 00; 00; 00; 00;

00000101; 66; 00; 00; 00; 69; 00; 00; 00;

00000030; 00; 00; 00; 00; 00; 00; 00; 00;

00000020; 00; 00; 00; 00; 00; 00; 00; 00;

00000003; 69; 00; 00; 00; 00; 00; 00; 69;

00000004; 00; 00; 00; 00; 00; 00; 00; 00;

000000E0; 00; 00; 00; 00; 00; 00; 00; 00;

00000006; 66; 66; 66; 66; 67; 66; 66; 66;

00000100; 00; 00; 00; 00; 00; 00; 00; 00;

00000110; 00; 00; 00; 00; 00; 00; 00; 00;

0000000;"";}

